0 0.7319536844889323 0.5355186179832175 0.020754975080490113 0.03137074576483832
2 0.7431196848551432 0.8552763197157118 0.06372123161951701 0.2819748772515191
1 0.6437615712483724 0.5372673882378473 0.0526419997215271 0.22695544207537616
1 0.490679677327474 0.48060427065248845 0.04840243657430013 0.24220920138888888
1 0.837520980834961 0.5985965870044849 0.10434027512868245 0.26595029477719906
1 0.1111900250116984 0.6450460928457754 0.08724479675292969 0.25277283279984086
2 0.03876730998357137 0.3360113638418692 0.03243870735168457 0.20088762353967737
1 0.44304033915201824 0.5045889395254629 0.07392609119415283 0.25808178936993637
1 0.188614288965861 0.741108873155382 0.10247042973836264 0.28210553769712093
1 0.2534749507904053 0.5397494280779803 0.09872221946716309 0.24026757699471932
1 0.31234610875447594 0.3825794361255787 0.061526787281036374 0.22316545557092737
1 0.16041666666666668 0.5787037037037037 0.06145833333333333 0.24074074074074073
