1 0.446524064171123 0.5732620320855615 0.07754010695187166 0.21295306001188355
1 0.5176470588235295 0.667379679144385 0.11818181818181818 0.25573380867498513
1 0.6759358288770053 0.5409387997623292 0.0732620320855615 0.1948900772430184
1 0.6930481283422459 0.46013071895424834 0.08716577540106951 0.23196672608437313
1 0.8454545454545455 0.5513963161021984 0.06363636363636363 0.2281639928698752
1 0.9106951871657754 0.6702317290552585 0.06203208556149733 0.21580510992275698
1 0.5347593582887701 0.3679144385026738 0.05614973262032086 0.19393939393939394
1 0.0962566844919786 0.4629827688651218 0.04438502673796792 0.23672014260249555
1 0.18877005347593584 0.5666072489601901 0.09893048128342247 0.22245989304812835
1 0.14866310160427806 0.7548425430778372 0.05508021390374331 0.27950089126559713
2 0.05508021390374331 0.4049910873440285 0.07005347593582888 0.16732026143790849
2 0.5021390374331551 0.2956625074272133 0.0374331550802139 0.18253119429590017
0 0.6540106951871658 0.34985145573380866 0.015508021390374332 0.024717765894236483
