0 0.6540106951871658 0.3479500891265597 0.014973262032085561 0.024717765894236483
1 0.15080213903743314 0.7510398098633393 0.05080213903743316 0.25668449197860965
1 0.5310160427807487 0.3660130718954248 0.058288770053475936 0.19869281045751633
1 0.9122994652406418 0.6721330956625075 0.053475935828877004 0.2110516934046346
1 0.19144385026737967 0.5628045157456922 0.0962566844919786 0.22150920974450386
1 0.6727272727272727 0.5418894830659536 0.06310160427807486 0.2043969102792632
2 0.5032085561497326 0.28995840760546643 0.039572192513368985 0.17302436125965537
1 0.09411764705882353 0.46583481877599525 0.040641711229946524 0.2110516934046346
1 0.7037433155080214 0.46583481877599525 0.0481283422459893 0.23957219251336898
1 0.44331550802139036 0.5694592988710636 0.06149732620320856 0.19869281045751633
1 0.8443850267379679 0.5390374331550802 0.059893048128342244 0.1948900772430184
2 0.04438502673796792 0.40404040404040403 0.04973262032085562 0.15020796197266786
1 0.5187165775401069 0.6702317290552585 0.1160427807486631 0.2519310754604872
