0 0.5950637181599935 0.554973574037905 0.022262096405029297 0.03798389788027163
1 0.6463654200236003 0.5366587320963542 0.051538888613382974 0.23113478201406973
2 0.7434321085611979 0.8523543746383102 0.06700879732767741 0.274948317916305
2 0.035600749651590984 0.3420853508843316 0.03938357830047608 0.19841445640281394
1 0.4930943806966146 0.49312608506944444 0.0542228102684021 0.29525920726634836
1 0.8465276718139648 0.5891847398546007 0.07344115575154622 0.2610637523509838
1 0.25702298482259117 0.776348368326823 0.08329887390136718 0.27802756980613424
1 0.24469499588012694 0.5513180768048321 0.09485011100769043 0.24847431889286747
1 0.3142613410949707 0.3883805168999566 0.05279728571573893 0.22966297290943288
1 0.26744804382324217 0.34753968980577254 0.048767268657684326 0.19728676124855324
1 0.444252077738444 0.5039675677264178 0.07433935006459554 0.2549261587637442
1 0.1404939651489258 0.6794114854600695 0.10814817746480306 0.2535202874077691
1 0.1734375 0.5884259259259259 0.07083333333333333 0.25833333333333336
