0 0.6775401069518716 0.5380867498514558 0.02085561497326203 0.037076648841354726
2 0.7401069518716578 0.8527629233511587 0.06470588235294118 0.27664884135472373
1 0.6443850267379679 0.5380867498514558 0.052941176470588235 0.22626262626262628
1 0.8459893048128342 0.5970291146761735 0.09037433155080214 0.26428995840760544
1 0.4914438502673797 0.48484848484848486 0.053475935828877004 0.25478312537136066
2 0.0374331550802139 0.34129530600118835 0.034759358288770054 0.1948900772430184
1 0.44224598930481285 0.5048128342245989 0.07379679144385026 0.2585858585858586
1 0.20748663101604278 0.7557932263814616 0.10481283422459893 0.2947118241235888
1 0.31283422459893045 0.38027332144979203 0.051871657754010696 0.21675579322638147
1 0.12352941176470589 0.667379679144385 0.07647058823529412 0.28045157456922165
1 0.25133689839572193 0.5428401663695781 0.10481283422459893 0.24052287581699347
1 0.279144385026738 0.30707070707070705 0.04919786096256684 0.12834224598930483
1 0.17005347593582887 0.5903743315508021 0.0748663101604278 0.2519310754604872
