0 0.5561140060424805 0.8174745912905093 0.022153401374816896 0.0401111779389558
1 0.642529042561849 0.5100363272207754 0.04844446976979574 0.24940581145109952
1 0.5184223175048828 0.478890143500434 0.06057272354761759 0.25924077917028354
2 0.7489762624104818 0.8530737982855903 0.048995514710744224 0.29143416793258103
1 0.4379590034484863 0.49470192238136573 0.04979037443796794 0.24975831773546006
1 0.49756441116333006 0.770754157172309 0.08737427393595378 0.2863720081470631
1 0.217575740814209 0.6207888567889178 0.10017481644948324 0.31702360930266205
1 0.25098443031311035 0.3995338157371238 0.05328887701034546 0.22756758795844184
1 0.32998971939086913 0.7174114651150174 0.11255498727162679 0.29277586760344326
1 0.8913416544596354 0.5632975260416667 0.06747856140136718 0.24233644273546007
2 0.027950233221054076 0.35558734469943576 0.04242752393086751 0.21524827745225694
1 0.10886577765146892 0.39190230192961517 0.05102279583613078 0.23544748094346787
