0 0.5948060989379883 0.5549058702256945 0.022313344478607177 0.03724572923448351
1 0.6463496526082356 0.5366899843569155 0.05138776302337646 0.2317326581036603
2 0.7438161214192708 0.8528405648690683 0.06660614808400472 0.2760331895616319
2 0.03577357530593872 0.3413748847113715 0.03946253458658854 0.1979888774730541
1 0.49283005396525065 0.4930417096173322 0.054095951716105144 0.2952185736762153
1 0.8464893976847331 0.589522467719184 0.07336507638295492 0.26192827577944156
1 0.256658935546875 0.7762539333767361 0.08204553127288819 0.2790506150987413
1 0.24503607749938966 0.5513623272931134 0.09439120292663575 0.2487429866084346
1 0.314199161529541 0.3883215445059317 0.052739620208740234 0.22842253225821035
1 0.44457063674926756 0.5040481002242477 0.07476426760355631 0.25705829196506075
1 0.26741520563761395 0.34794221100983797 0.048868429660797116 0.1976048504864728
1 0.13991998036702474 0.6794248227719908 0.10749185085296631 0.254406992594401
1 0.17109375 0.5912037037037037 0.0765625 0.2638888888888889
