0 0.5762166976928711 0.8123756126121239 0.024923996130625407 0.039726543426513675
1 0.5188209533691406 0.47757415771484374 0.06061893304189046 0.2559359515154803
2 0.7494900385538737 0.8510359587492766 0.048315187295277916 0.2915419684516059
1 0.642518424987793 0.49677581787109376 0.04585177501042684 0.254255054615162
1 0.5152204513549805 0.7552021733036748 0.08914660612742106 0.3045813101309317
1 0.43975629806518557 0.49077142786096645 0.05022432009379069 0.23822383174189815
1 0.24650441805521647 0.3977509957772714 0.05238514343897502 0.20539427863226997
1 0.8918404261271159 0.5640551531756366 0.06775354544321696 0.24050626401548034
1 0.09306755065917968 0.3970152113172743 0.05426838795344035 0.22462921142578124
1 0.3498248100280762 0.7071827641239873 0.10330860614776612 0.3049602649830006
2 0.024973913033803304 0.35609091299551504 0.04388129711151123 0.21748631795247395
1 0.22310674985249837 0.61953695791739 0.09921330610911051 0.27561201872649016
