0 0.569245974222819 0.8437242296006945 0.023182088136672975 0.04380663765801324
1 0.5187023162841797 0.4761075055157697 0.06082207361857096 0.25332356205692996
1 0.6418655395507813 0.5049353705512153 0.04870421489079793 0.256649328161169
2 0.7490402221679687 0.8519427264178241 0.04850191275278727 0.2909063833731192
1 0.5065727869669596 0.7605689154730902 0.08586032390594482 0.29182626229745373
1 0.0983359177907308 0.39552253440574364 0.06030604839324951 0.23483585781521268
1 0.3360579172770182 0.7128541734483507 0.09179568290710449 0.304341153745298
1 0.438765017191569 0.49226175944010414 0.050071680545806886 0.2420190316659433
1 0.24821861584981283 0.3900831151891638 0.0525117556254069 0.19610212820547598
1 0.8915627161661784 0.5649128101490162 0.06656716664632162 0.2425731235080295
2 0.02780697544415792 0.3559388619882089 0.04231245915095012 0.2130003328676577
1 0.21984361012776693 0.6132645218460648 0.09777994950612386 0.29450796621817127
