0 0.5762016296386718 0.8123648749457465 0.02495052615801493 0.03965097356725622
1 0.518862533569336 0.4777684529622396 0.06089844306310018 0.2566028453685619
2 0.7493099848429362 0.8513382523148149 0.04847333033879598 0.29167183770073785
1 0.6424631118774414 0.4968223289207176 0.04579618771870931 0.2543678848831742
1 0.5150848706563314 0.7551188151041667 0.08871803283691407 0.30444189001012734
1 0.4396635055541992 0.49073723687065973 0.05045137405395508 0.2380247610586661
1 0.24636843999226887 0.39795328776041666 0.05244170427322388 0.20587083322030528
1 0.8919683456420898 0.5640947695131655 0.06806732813517252 0.24005969012225115
1 0.0930858055750529 0.39786851671006945 0.05451011260350545 0.22574869791666666
1 0.34993089040120445 0.7066445809823495 0.10345316727956136 0.3042088826497396
2 0.024968190987904867 0.3561088279441551 0.043775320053100586 0.21766521312572337
1 0.22300049463907878 0.6195415920681424 0.09922157923380534 0.2778190895363137
