0 0.5828125 0.7847222222222222 0.020833333333333332 0.041666666666666664
1 0.5187231381734212 0.4784164993851273 0.05991287628809611 0.2561182940447772
1 0.6420105616251628 0.4931690357349537 0.045829971631368004 0.25046677766022857
2 0.749983278910319 0.8509609646267361 0.04806916316350301 0.2937376799406829
1 0.528740119934082 0.7486077767831308 0.10212440490722656 0.3038802252875434
1 0.44038165410359703 0.49218292236328126 0.051991466681162515 0.24292692961516205
1 0.8910416920979818 0.5598444620768229 0.06799272696177165 0.2479956450285735
1 0.08676794370015463 0.39457832618995947 0.0511750857035319 0.2086596171061198
1 0.35569693247477213 0.703453290020978 0.08992165724436442 0.29788925736038774
2 0.024368627866109212 0.3639958134403935 0.04441510836283366 0.22074850576895255
1 0.2448240598042806 0.3984892668547454 0.053413947423299156 0.1996658890335648
1 0.22734375 0.6393518518518518 0.0859375 0.325
