0 0.581395975748698 0.7845540364583333 0.02446111838022868 0.04078919799239547
1 0.5189011573791504 0.4781216091579861 0.05989689429601033 0.2569318135579427
1 0.6420534769694011 0.49323905662254053 0.04564450184504191 0.2500443352593316
2 0.7497117996215821 0.8512931541160301 0.04829867680867513 0.2930527298538773
1 0.5287607192993165 0.7485473067672165 0.10234385331471761 0.30245146574797455
1 0.44026765823364256 0.49169803195529516 0.05223885377248128 0.24252599080403645
1 0.8909913380940755 0.5598936292860243 0.06798994541168213 0.2483475861725984
1 0.0868360201517741 0.3944433706778067 0.05109561681747436 0.2089607803909867
2 0.024914280573527018 0.35604109587492766 0.043736469745635984 0.21536711233633535
1 0.3561337153116862 0.7036061604817708 0.09113782246907552 0.29840477837456597
1 0.24490845998128255 0.3965164749710648 0.05297889312108358 0.19629718639232493
1 0.22994791666666667 0.6402777777777777 0.09114583333333333 0.3175925925925926
