0 0.5692033131917318 0.8435356422706887 0.023056071996688843 0.04363168787073206
1 0.6415622711181641 0.5046233000578704 0.048336931069691974 0.25358621102792245
1 0.5188478787740072 0.47594276710792827 0.06107575496037801 0.2537066706904659
2 0.7492031733194987 0.8515336778428819 0.048550371328989664 0.2909499839500145
1 0.5068680763244628 0.7600590458622685 0.08531570434570312 0.2909980491355613
1 0.09817529519399007 0.39554420753761577 0.0605349063873291 0.2348776075575087
1 0.43920421600341797 0.4917002925166377 0.050519812107086184 0.2413794058340567
1 0.33560819625854493 0.7125489976671007 0.09277456601460775 0.30400783397533276
1 0.2481273333231608 0.39141308819806137 0.052419563134511314 0.20003776550292968
1 0.8914651234944662 0.5651843035662616 0.06614541212717692 0.24189393785264757
2 0.027652978897094727 0.362998538547092 0.04304397503534953 0.21669334129050927
1 0.22079992294311523 0.6124094645182292 0.09695959091186523 0.2923262984664352
