0 0.5562472025553385 0.8171391805013021 0.022361900409062704 0.04018645816379123
1 0.6423367182413737 0.50961264151114 0.04839937289555867 0.2516114128960503
1 0.5186446825663249 0.4784775345413773 0.060570414861043295 0.2580663610387732
2 0.7490027109781902 0.8524949815538194 0.04878420035044352 0.2912933349609375
1 0.2184074878692627 0.6196234243887442 0.09823846022288005 0.3166036535192419
1 0.4383463541666667 0.4940366956922743 0.049692662556966145 0.24698556970666957
1 0.4977290471394857 0.7703535291883681 0.08645953337351481 0.28735391122323495
1 0.8912499109903972 0.5626694290726273 0.06769296328226725 0.2421012595847801
1 0.32969621022542317 0.7173490736219618 0.11209714412689209 0.29379747178819443
1 0.25113544464111326 0.3995457967122396 0.05339591900507609 0.22705971046730325
2 0.028088114658991494 0.3555350409613715 0.042180840174357095 0.21490885416666666
1 0.10909913380940756 0.39351781209309894 0.05168357292811076 0.24043013961226853
