0 0.6166666666666667 0.7092592592592593 0.021875 0.040740740740740744
1 0.5178586959838867 0.4773122716833044 0.05941540797551473 0.2595638981571904
1 0.6419233322143555 0.4841692324037905 0.04723469813664754 0.23681783322934752
1 0.4423211097717285 0.4898188838252315 0.04833160241444905 0.24112170184100115
2 0.7517047882080078 0.847409001103154 0.045795408884684245 0.3020048353407118
1 0.39106534322102865 0.6592451872649017 0.050548895200093584 0.29084645024052375
1 0.06234002908070882 0.4173955281575521 0.051441351572672524 0.2024007726598669
1 0.8872945785522461 0.552985918963397 0.05985872745513916 0.24461175424081308
1 0.23379384676615397 0.43601676093207464 0.06779648462931315 0.241995691370081
1 0.258077081044515 0.6178621645326967 0.08212492465972901 0.3221215424714265
2 0.023959503571192423 0.3669702035409433 0.04700318972269694 0.21404719882541232
1 0.5737405141194661 0.7130282366717303 0.07533249060312906 0.3032426904748987
