0 0.7041354497273763 0.536590576171875 0.021702422698338827 0.032290670606825084
2 0.7416547139485677 0.8531558566623264 0.06448312203089396 0.27957051595052085
1 0.6441929499308269 0.5376956515842014 0.05260551373163859 0.2293131086561415
1 0.8451260884602865 0.5980355721932871 0.09436491330464682 0.25920757717556425
1 0.49101346333821616 0.48323516845703124 0.04918902317682902 0.2443062111183449
2 0.038158329327901204 0.3368734006528501 0.034068497021993 0.19738797788266782
1 0.4431026776631673 0.5062407316984954 0.07389913400014242 0.25793781986943
1 0.2010518709818522 0.7475449173538773 0.10563088258107503 0.296038168447989
1 0.1179361343383789 0.6585351449471933 0.08345901171366374 0.2731487132884838
1 0.2529164791107178 0.5416173864293982 0.10145807266235352 0.24130141646773726
1 0.3132061004638672 0.37803751627604165 0.05586255391438802 0.2224580411557798
1 0.1693042278289795 0.5808518021195023 0.06234339078267415 0.23105933577926072
1 0.29322916666666665 0.34953703703703703 0.08229166666666667 0.18981481481481483
