0 0.8336898395721926 0.671182412358883 0.013903743315508022 0.024717765894236483
1 0.7855614973262032 0.764349376114082 0.07005347593582888 0.22150920974450386
1 0.2823529411764706 0.4392156862745098 0.023529411764705882 0.13119429590017825
2 0.8748663101604278 0.7548425430778372 0.04224598930481283 0.23576945929887105
1 0.9128342245989305 0.576114081996435 0.05026737967914439 0.17587641117052882
1 0.20802139037433154 0.4886512180629828 0.04438502673796792 0.17302436125965537
1 0.6609625668449198 0.5571004159239453 0.04438502673796792 0.1806298276886512
2 0.8117647058823529 0.2814022578728461 0.027807486631016044 0.12549019607843137
1 0.306951871657754 0.4677361853832442 0.034759358288770054 0.1530600118835413
2 0.08502673796791443 0.3032679738562091 0.032620320855614976 0.12073677956030897
1 0.7593582887700535 0.37932263814616757 0.034759358288770054 0.1378490790255496
1 0.06363636363636363 0.42305407011289364 0.025668449197860963 0.15591206179441475
1 0.5310160427807487 0.37076648841354726 0.02459893048128342 0.10932857991681522
1 0.6668449197860963 0.41639928698752227 0.05454545454545454 0.09221628045157457
