0 0.7320447285970052 0.5356851083260995 0.020775365829467773 0.031032403310139973
1 0.6434184392293294 0.5370624118381077 0.052757676442464194 0.22684396814416957
2 0.7431568781534831 0.8548333062065973 0.06384164094924927 0.2804470768681279
1 0.8375609079996745 0.5982976277669271 0.10509656270345052 0.26538032249168114
1 0.4906980832417806 0.4805165043583623 0.0479098121325175 0.2414941010651765
1 0.11113312244415283 0.6453151561595776 0.08808754285176595 0.2541683620876736
2 0.038733728726704914 0.3350950735586661 0.0330292284488678 0.20085699293348525
1 0.44262847900390623 0.5045307865849248 0.07465112209320068 0.25962787204318577
1 0.1889862855275472 0.741324700249566 0.10290977954864503 0.28086519594545717
1 0.25237954457600914 0.5398638124819155 0.10031757354736329 0.24240923281069154
1 0.3122622807820638 0.38222551699037904 0.061477593580881756 0.2220312471742983
1 0.16474281946818034 0.5723817613389757 0.06026129722595215 0.2104291138825593
