0 0.758288770053476 0.5380867498514558 0.02085561497326203 0.036125965537730245
2 0.7443850267379679 0.8556149732620321 0.06363636363636363 0.28045157456922165
1 0.6427807486631016 0.5361853832442067 0.05401069518716577 0.22245989304812835
1 0.8358288770053476 0.5989304812834224 0.10213903743315508 0.26524064171122996
1 0.4898395721925134 0.4829471182412359 0.047058823529411764 0.24622697563874035
2 0.039572192513368985 0.33464052287581697 0.03155080213903743 0.19869281045751633
1 0.44224598930481285 0.50291146761735 0.07379679144385026 0.25478312537136066
1 0.11176470588235295 0.6245989304812835 0.09090909090909091 0.2281639928698752
1 0.17807486631016042 0.7272727272727273 0.09893048128342247 0.2880570409982175
1 0.2529411764705882 0.5428401663695781 0.09893048128342247 0.25478312537136066
1 0.3176470588235294 0.3783719548425431 0.09893048128342247 0.2443256090314914
1 0.16149732620320856 0.576114081996435 0.06470588235294118 0.23196672608437313
