0 0.758288770053476 0.5380867498514558 0.0213903743315508 0.036125965537730245
2 0.7443850267379679 0.8556149732620321 0.06363636363636363 0.2814022578728461
1 0.6427807486631016 0.5352346999405823 0.053475935828877004 0.22150920974450386
1 0.8352941176470589 0.597979797979798 0.10213903743315508 0.26524064171122996
1 0.4898395721925134 0.4829471182412359 0.04759358288770053 0.24622697563874035
2 0.040106951871657755 0.33464052287581697 0.03155080213903743 0.19679144385026737
1 0.44171122994652406 0.5038621509209744 0.07433155080213903 0.25478312537136066
1 0.17807486631016042 0.7272727272727273 0.09893048128342247 0.287106357694593
1 0.11176470588235295 0.6245989304812835 0.09090909090909091 0.2281639928698752
1 0.253475935828877 0.5418894830659536 0.09839572192513368 0.25573380867498513
1 0.31711229946524067 0.37361853832442066 0.09786096256684491 0.24812834224598931
1 0.16149732620320856 0.5732620320855615 0.06310160427807486 0.2281639928698752
