0 0.5562236785888672 0.8172871342411747 0.022175814708073935 0.040085329832854094
1 0.6424417495727539 0.5099207560221354 0.048348617553710935 0.25087998001663775
1 0.5185319264729817 0.4786823979130498 0.060508378346761066 0.25860649391456886
2 0.7490820566813151 0.8530931260850695 0.04882460832595825 0.291601166901765
1 0.43812472025553384 0.4945350364402488 0.049255959192911786 0.24992446899414061
1 0.21856993039449055 0.6195044058340567 0.09758212566375732 0.31653487594039353
1 0.49771429697672526 0.7709611115632233 0.08705794811248779 0.287176513671875
1 0.2509626388549805 0.39892925686306424 0.05304334958394368 0.2256519741482205
1 0.3302778244018555 0.71709063494647 0.11195749441782633 0.2930330064561632
1 0.8913674036661784 0.5637610541449652 0.06720283031463622 0.24229747630931714
2 0.028087546428044636 0.35548807779947916 0.04229817787806193 0.21548436482747396
1 0.10880387624104818 0.39175482855902777 0.050953225294748945 0.23489600287543402
