0 0.5425061543782552 0.7878329806857639 0.019740851720174153 0.034202769950584126
1 0.6431830724080404 0.5111578482168692 0.049781954288482665 0.24523575394241898
2 0.7488446553548177 0.8533272072120949 0.04923429489135742 0.2909291867856626
1 0.5181882222493489 0.48001059072989005 0.060593958695729574 0.26239409270109953
1 0.49517300923665364 0.773911370171441 0.0987336238225301 0.2753666913067853
1 0.3234451611836751 0.7227769639756945 0.11613720258076986 0.27332766497576677
1 0.25410008430480957 0.40291654798719617 0.056773666540781656 0.23878515738028067
1 0.4370391527811686 0.49421392370153355 0.04963577191034953 0.24902742173936632
1 0.8886539459228515 0.5610738118489583 0.06383786996205648 0.24198987042462383
1 0.11845262050628662 0.38792117083514177 0.05032222668329875 0.23399620056152343
1 0.21708455085754394 0.6198026869032118 0.10804139773050944 0.30542757952654803
2 0.024815932909647623 0.3552289609555845 0.04255307118097941 0.2187080665870949
