0 0.5422459893048128 0.788116458704694 0.019786096256684493 0.034224598930481284
1 0.6433155080213904 0.5105169340463458 0.04973262032085562 0.24527629233511586
1 0.5181818181818182 0.4800950683303625 0.06042780748663101 0.26143790849673204
2 0.7486631016042781 0.8537136066547831 0.04919786096256684 0.2909090909090909
1 0.2540106951871658 0.40308972073677957 0.05614973262032086 0.24147355912061794
1 0.49518716577540106 0.7738562091503268 0.09839572192513368 0.27474747474747474
1 0.3235294117647059 0.7225193107546048 0.1160427807486631 0.2737967914438503
1 0.4368983957219251 0.49435531788472964 0.04919786096256684 0.24907902554961378
1 0.11871657754010695 0.3897801544860368 0.05080213903743316 0.2386215092097445
1 0.888235294117647 0.5609031491384433 0.06417112299465241 0.24242424242424243
1 0.21711229946524063 0.6188948306595365 0.10802139037433155 0.30421865715983365
2 0.02459893048128342 0.35555555555555557 0.04224598930481283 0.21865715983363043
