0 0.7042454401652019 0.5366465815791377 0.021927795807520547 0.03204002027158384
2 0.7414310455322266 0.8531958685980903 0.06439826488494874 0.27942148844401044
1 0.6440179189046223 0.5381056608977142 0.052258634567260744 0.23063217445656106
1 0.8452700297037761 0.5977940877278646 0.09612898826599121 0.25769839816623263
1 0.49117844899495444 0.4843471950954861 0.049699421723683676 0.24714409157081887
1 0.44307994842529297 0.5066774156358507 0.07425231138865153 0.25958678634078414
2 0.03789861599604289 0.3369797600640191 0.034504377841949464 0.19698431226942276
1 0.2008764108022054 0.7478329693829572 0.10583039919535318 0.2948929680718316
1 0.1182443380355835 0.6588508888527199 0.08459521134694417 0.2731775919596354
1 0.25142660140991213 0.5411030522099247 0.10478956699371338 0.2408651281286169
1 0.31315587361653646 0.3779727511935764 0.055625168482462566 0.2218836890326606
1 0.16859588623046876 0.5808963916919849 0.0626079281171163 0.22846510145399307
1 0.29635416666666664 0.3541666666666667 0.07604166666666666 0.18796296296296297
