0 0.7041707356770833 0.5366846720377604 0.021762782335281373 0.032138531296341505
2 0.7412165959676107 0.8535551283094618 0.06444101730982463 0.2797976741084346
1 0.6441591262817383 0.5375752766927083 0.05282584031422933 0.22985240794994213
1 0.491568915049235 0.48337730125144673 0.04954655965169271 0.24440943400065104
1 0.8451387405395507 0.5976127907081886 0.09632409413655599 0.2570962411385995
1 0.4430509885152181 0.5062358149775752 0.07469178040822347 0.25979797928421583
2 0.03751151561737061 0.33789698282877606 0.035440576076507566 0.19791974668149595
1 0.11816086769104003 0.658306376139323 0.08484129110972087 0.27323955959743923
1 0.20083854993184408 0.7484478420681424 0.10640366077423095 0.29330636483651623
1 0.25145421028137205 0.541087171766493 0.1049101988474528 0.24132984302662036
1 0.31346731185913085 0.37748588279441553 0.054120131333669025 0.22246654651783132
1 0.1680383841196696 0.5804445619936343 0.0617110013961792 0.22900803177445023
1 0.2981770833333333 0.35138888888888886 0.07760416666666667 0.18981481481481483
