0 0.5881755828857422 0.7614251595956308 0.024951769908269247 0.03704018063015408
1 0.6421195983886718 0.4903985482675058 0.04703615109125773 0.2439822444209346
1 0.5191090265909831 0.4773717244466146 0.06042790412902832 0.25936898125542535
2 0.7502716064453125 0.8502861870659723 0.04731361071268717 0.2939175641095197
1 0.4414173444112142 0.49219625967520253 0.05157283544540405 0.24318932427300347
1 0.5376672744750977 0.7422343501338252 0.09079787731170655 0.28542604799623844
1 0.8896769205729167 0.5545667860243055 0.06669682661692301 0.2443951642071759
1 0.08264528115590414 0.3997302020037616 0.0505634069442749 0.19866321705005788
1 0.3630356470743815 0.6925494723849827 0.07540244261423747 0.288810956036603
2 0.024881190061569212 0.3563255592628762 0.04511990547180176 0.2132444311071325
1 0.24098381996154786 0.4148830837673611 0.05812222560246785 0.220341067843967
1 0.23203125 0.6337962962962963 0.09427083333333333 0.33055555555555555
