0 0.5882434844970703 0.7613343980577257 0.024813981850941975 0.03685291431568287
1 0.6421522776285807 0.4905287566008391 0.04748706420262654 0.24407800745081018
1 0.519131851196289 0.4773466887297454 0.06037677923838298 0.25958291512948495
2 0.7502082824707031 0.8503627635814526 0.04733086029688517 0.2927302042643229
1 0.4416142145792643 0.4929877387152778 0.05129602750142415 0.2444087275752315
1 0.5380359013875325 0.7423926459418403 0.09125361442565919 0.28598816483109085
1 0.8896698633829753 0.5547446922019675 0.06620653867721557 0.2443614818431713
1 0.08258700370788574 0.3999644526728877 0.05100424289703369 0.19921288666901765
1 0.36323369344075523 0.6929319028501157 0.07597041130065918 0.28620806093569157
2 0.027785966793696087 0.35661677607783565 0.045632823308308916 0.20866134078414353
1 0.24069528579711913 0.41407722190574364 0.058863282203674316 0.22044053254304108
1 0.23359375 0.6305555555555555 0.09114583333333333 0.32037037037037036
