0 0.5762056350708008 0.8123862937644676 0.02490146557490031 0.039589899557608145
1 0.5190260569254558 0.47768707275390626 0.06116400957107544 0.2562043649178964
2 0.7494075775146485 0.8516438802083334 0.04879179000854492 0.2919780589916088
1 0.6424099604288737 0.4967867250795718 0.04557231267293294 0.2550184179235388
1 0.5151094754536947 0.7550233063874421 0.08860179583231607 0.3058511804651331
1 0.4393815040588379 0.4905943128797743 0.05076431035995484 0.2375224925853588
1 0.2464376926422119 0.39823939005533854 0.05228466192881266 0.20563699227792245
1 0.8919254938761393 0.5643157958984375 0.06758987108866374 0.2400035716869213
1 0.09322021007537842 0.39784294410988136 0.054537391662597655 0.22575369940863715
2 0.02495898405710856 0.35607373272931137 0.04382918278376261 0.21825399045591
1 0.35026594797770183 0.7058724297417535 0.1040099064509074 0.3021612661856192
1 0.2230963389078776 0.6197506939923322 0.09917065302530924 0.27801310221354164
